Greedo 4,0 4,7.5 7,7.5 7,3 9,0 7,0 4,0 
Cristiano 2,2 2,4 4,4 4,2 2,2
Akram 5,5 6,6 7,7 8,8 9.5,9 5,5
Sam 0,0 1,1 2,2 2.1,3 4,4 0,0
Kehali 1,1 2,2 3,3 4,4.7 1,1
anakin 2,9 8,7 0,9.2 8,3 2,9
betsy 1,0 8,6 9,2 1,8 3,2 1,0
senay 9,8.2 8.4,6.7 0,1 6,0 2,1 9,8.2
john 10.5,7.2 11.3,6.4 1.2,2.1 7.8,0.5 3.6,2.9 10.5,7.2
mary 8.7,9.1 9.3,7.8 2.1,3.6 8.4,1.2 4.9,3.5 8.7,9.1
kevin 12.3,10.5 13.6,9.7 4.2,5.1 10.8,2.3 6.4,4.8 12.3,10.5
lenny 4,0 4,7.5 7,7.5 7,3 9,0 7,0 4,0 
peter 3,8 9,0 8,7 6,6 3,2 7,9 9,9 3,8
meow 5,5 6,6 7,7 8,8 9.5,9 5,5

